$MeshFormat
4.1 0 8
$EndMeshFormat
$Entities
7 7 2 0
1 1 -1 0 0 
2 1 1 0 0 
3 -1 1 0 0 
4 -1 -1 0 0 
5 -0.7 -1 0 0 
6 -1 -0.7 0 0 
7 -0.7878679656440357 -0.7878679656440357 0 0 
1 -0.7878679656440357 -1 0 -0.7 -0.7878679656440357 0 0 2 5 -7 
2 -1 -0.7878679656440357 0 -0.7878679656440357 -0.7 0 0 2 7 -6 
3 -1 -0.7 0 -1 1 0 0 2 6 -3 
4 -1 1 0 1 1 0 0 2 3 -2 
5 1 -1 0 1 1 0 0 2 2 -1 
6 -0.7 -1 0 1 -1 0 0 2 1 -5 
7 -0.7878679656440357 -0.7878679656440357 0 1 1 0 0 2 2 -7 
1 -1 -0.7878679656440357 0 1 1 0 0 4 4 7 2 3 
2 -0.7878679656440357 -1 0 1 1 0 0 4 7 -1 -6 -5 
$EndEntities
$Nodes
16 154 1 154
0 1 0 1
1
1 -1 0
0 2 0 1
2
1 1 0
0 3 0 1
3
-1 1 0
0 4 0 1
4
-1 -1 0
0 5 0 1
5
-0.7 -1 0
0 6 0 1
6
-1 -0.7 0
0 7 0 1
7
-0.7878679656440357 -0.7878679656440357 0
1 1 0 7
8
9
10
11
12
13
14
-0.7228361403694678 -0.8851949699938777 0
-0.7114180701847339 -0.9425974849969389 0
-0.7553520530067517 -0.8365314678189567 0
-0.7057090350923669 -0.9712987424984694 0
-0.7171271052771009 -0.9138962274954083 0
-0.7390940966881097 -0.8608632189064171 0
-0.7716100093253937 -0.8121997167314963 0
1 2 0 7
15
16
17
18
19
20
21
-0.8851949705866085 -0.7228361401239506 0
-0.8365314681153221 -0.7553520528839932 0
-0.9425974852933042 -0.7114180700619752 0
-0.8121997168796788 -0.7716100092640145 0
-0.8608632193509653 -0.7390940965039718 0
-0.9138962279399563 -0.7171271050929628 0
-0.9712987426466522 -0.7057090350309876 0
1 3 0 7
22
23
24
25
26
27
28
-1 0.1499999999978956 0
-1 -0.2750000000010522 0
-1 0.5749999999989478 0
-1 -0.4875000000005261 0
-1 -0.06250000000157829 0
-1 0.3624999999984217 0
-1 0.7874999999994738 0
1 4 0 7
29
30
31
32
33
34
35
-2.750244476601438e-12 1 0
-0.5000000000013751 1 0
0.4999999999986249 1 0
-0.7500000000006876 1 0
-0.2500000000020627 1 0
0.2499999999979373 1 0
0.7499999999993124 1 0
1 5 0 7
36
37
38
39
40
41
42
1 2.750244476601438e-12 0
1 0.5000000000013751 0
1 -0.4999999999986249 0
1 0.7500000000006876 0
1 0.2500000000020627 0
1 -0.2499999999979373 0
1 -0.7499999999993124 0
1 6 0 7
43
44
45
46
47
48
49
0.1500000000021044 -1 0
0.5750000000010522 -1 0
-0.2749999999989478 -1 0
0.7875000000005261 -1 0
0.3625000000015783 -1 0
-0.06249999999842171 -1 0
-0.4874999999994739 -1 0
1 7 0 7
50
51
52
53
54
55
56
0.1060660171802601 0.1060660171802601 0
0.55303300859013 0.55303300859013 0
-0.3409009742318878 -0.3409009742318878 0
0.776516504295065 0.776516504295065 0
0.3295495128851951 0.3295495128851951 0
-0.1174174785258139 -0.1174174785258139 0
-0.5643844699379618 -0.5643844699379618 0
2 1 0 49
57
58
59
60
61
62
63
64
65
66
67
68
69
70
71
72
73
74
75
76
77
78
79
80
81
82
83
84
85
86
87
88
89
90
91
92
93
94
95
96
97
98
99
100
101
102
103
104
105
-0.4425974852935426 0.1385819299381059 0
-0.2212987426481464 0.569290964969053 0
-0.7212987426467713 0.1442909649680008 0
-0.6106493713240732 0.5721454824840003 0
-0.6638962279400755 -0.2921271050929223 0
-0.8319481139700378 -0.2835635525469872 0
-0.1682657340566412 0.122323973559183 0
0.1658671329709918 0.5611619867795915 0
-0.5023986010859817 -0.3165140396624051 0
-0.5553246856627241 0.7860727412420001 0
-0.8053246856620366 0.5735727412414741 0
-0.777662342831362 0.786786370620737 0
-0.1106493713254483 0.7846454824845265 0
-0.4159740569861098 0.5707182237265267 0
-0.3329870284940862 0.7853591118632635 0
-0.3319481139708445 0.3539364474535794 0
-0.581948113970157 0.1414364474530533 0
-0.6659740569854222 0.3582182237260005 0
-0.4989610854781334 0.3560773355897899 0
-0.8606493713233856 0.1471454824829482 0
-0.8329870284927111 0.3603591118622111 0
-0.7766234283084046 -0.06963629378949318 0
-0.9159740569850189 -0.2792817762740197 0
-0.8883117141542023 -0.06606814689553574 0
-0.5532468566168091 -0.07677258757740819 0
-0.7479221709550566 -0.2878453288199547 0
-0.6649351424626068 -0.07320444068345068 0
-0.774545599263342 -0.5074816226084364 0
-0.8872727996316709 -0.4974908113044812 0
-0.8309091994475064 -0.5024862169564588 0
-0.9436363998158355 -0.4924954056525036 0
0.3329335664848083 0.7805809933897958 0
-0.0277158048385773 0.5652264758743222 0
0.11114209757968 0.7826132379371611 0
0.3594500707805609 0.5570974976848608 0
0.5547250353899367 0.7785487488424304 0
-0.03109985843819055 0.1141949953697216 0
-0.001199300542824702 0.3417429801693873 0
0.1641751061711852 0.3356462465272911 0
-0.3054316096750919 0.1304529517486444 0
-0.1665737072568346 0.3478397138114833 0
-0.3353321675713115 -0.09709503305161105 0
-0.5831474145130287 -0.3043205723776637 0
-0.4442895120940603 -0.08693381031450961 0
-0.4216497876589347 -0.3287075069471465 0
-0.2263748230485626 -0.1072562557887125 0
-0.6694650346006519 -0.5359330462731992 0
-0.6169247522693069 -0.5501587581055805 0
-0.7220053169319971 -0.5217073344408176 0
2 2 0 49
106
107
108
109
110
111
112
113
114
115
116
117
118
119
120
121
122
123
124
125
126
127
128
129
130
131
132
133
134
135
136
137
138
139
140
141
142
143
144
145
146
147
148
149
150
151
152
153
154
0.1385819298174308 -0.4425974849944357 0
0.1223239734988455 -0.1682657339070878 0
0.5692909649087154 -0.2212987424958427 0
0.5611619867494227 0.1658671330471437 0
0.1442909649097676 -0.7212987424972178 0
0.5721454824548838 -0.6106493712479214 0
-0.2921271052760185 -0.6638962274941567 0
-0.3165140397539531 -0.5023986008630222 0
-0.2835635526374831 -0.8319481137470783 0
0.5570974976697765 0.3594500708186369 0
0.7805809933747114 0.3329335665242594 0
0.7785487488348882 0.5547250354096622 0
0.1141949953395528 -0.03109985836341385 0
0.3417429801241341 -0.001199300429972044 0
0.3356462465046647 0.1641751062276115 0
0.1304529516581381 -0.3054316094507618 0
0.3539364473630731 -0.3319481137451392 0
0.565226475829069 -0.02771580472434949 0
0.3478397137436036 -0.1665737070875556 0
0.7846454824543577 -0.1106493712465462 0
0.7826132379145345 0.1111420976388566 0
0.5707182236817996 -0.415974056871882 0
0.786072741227442 -0.5553246856232732 0
0.7853591118408998 -0.3329870284349097 0
0.1414364473635992 -0.5819481137458268 0
0.3582182236823257 -0.6659740568725696 0
0.3560773355226994 -0.4989610853088544 0
0.147145482455936 -0.860649371248609 0
0.5735727412279681 -0.8053246856239606 0
0.360359111841952 -0.8329870284362848 0
0.786786370613984 -0.7776623428116365 0
-0.3287075069929205 -0.421649787547455 0
-0.0970950331275538 -0.335332167385055 0
-0.1072562558266838 -0.2263748229554344 0
-0.5359330463803524 -0.6694650343409895 0
-0.5501587581591572 -0.6169247521394756 0
-0.5074816228227431 -0.7745455987440172 0
-0.3043205725149858 -0.5831474141785895 0
-0.5217073346015477 -0.7220053165425033 0
-0.07677258772929384 -0.5532468562442961 0
-0.08693381042842382 -0.4442895118146756 0
-0.2878453289567508 -0.7479221706206175 0
-0.06963629386385776 -0.776623428122148 0
-0.0732044407965758 -0.6649351421832221 0
-0.4974908114111085 -0.8872727993720086 0
-0.5024862171169259 -0.830909199058013 0
-0.2792817763182155 -0.9159740568735392 0
-0.4924954057052912 -0.9436363996860042 0
-0.06606814693113974 -0.8883117140610741 0
$EndNodes
$Elements
16 191 1 191
0 1 15 1
1 1 
0 2 15 1
2 2 
0 3 15 1
3 3 
0 4 15 1
4 4 
0 5 15 1
5 5 
0 6 15 1
6 6 
0 7 15 1
7 7 
1 1 1 8
8 5 11 
9 11 9 
10 9 12 
11 12 8 
12 8 13 
13 13 10 
14 10 14 
15 14 7 
1 2 1 8
16 7 18 
17 18 16 
18 16 19 
19 19 15 
20 15 20 
21 20 17 
22 17 21 
23 21 6 
1 3 1 8
24 6 25 
25 25 23 
26 23 26 
27 26 22 
28 22 27 
29 27 24 
30 24 28 
31 28 3 
1 4 1 8
32 3 32 
33 32 30 
34 30 33 
35 33 29 
36 29 34 
37 34 31 
38 31 35 
39 35 2 
1 5 1 8
40 2 39 
41 39 37 
42 37 40 
43 40 36 
44 36 41 
45 41 38 
46 38 42 
47 42 1 
1 6 1 8
48 1 46 
49 46 44 
50 44 47 
51 47 43 
52 43 48 
53 48 45 
54 45 49 
55 49 5 
1 7 1 8
56 2 53 
57 53 51 
58 51 54 
59 54 50 
60 50 55 
61 55 52 
62 52 56 
63 56 7 
2 1 3 64
64 3 32 68 28 
65 32 30 66 68 
66 68 66 60 67 
67 28 68 67 24 
68 30 33 71 66 
69 33 29 69 71 
70 71 69 58 70 
71 66 71 70 60 
72 60 70 75 74 
73 70 58 72 75 
74 75 72 57 73 
75 74 75 73 59 
76 24 67 77 27 
77 67 60 74 77 
78 77 74 59 76 
79 27 77 76 22 
80 22 76 80 26 
81 76 59 78 80 
82 80 78 62 79 
83 26 80 79 23 
84 59 73 83 78 
85 73 57 81 83 
86 83 81 61 82 
87 78 83 82 62 
88 62 82 86 85 
89 82 61 84 86 
90 86 84 15 20 
91 85 86 20 17 
92 23 79 87 25 
93 79 62 85 87 
94 87 85 17 21 
95 25 87 21 6 
96 29 34 90 69 
97 34 31 88 90 
98 90 88 64 89 
99 69 90 89 58 
100 31 35 92 88 
101 35 2 53 92 
102 92 53 51 91 
103 88 92 91 64 
104 64 91 95 94 
105 91 51 54 95 
106 95 54 50 93 
107 94 95 93 63 
108 58 89 97 72 
109 89 64 94 97 
110 97 94 63 96 
111 72 97 96 57 
112 57 96 100 81 
113 96 63 98 100 
114 100 98 65 99 
115 81 100 99 61 
116 63 93 102 98 
117 93 50 55 102 
118 102 55 52 101 
119 98 102 101 65 
120 65 101 104 103 
121 101 52 56 104 
122 104 56 7 18 
123 103 104 18 16 
124 61 99 105 84 
125 99 65 103 105 
126 105 103 16 19 
127 84 105 19 15 
2 2 3 64
128 2 53 117 39 
129 53 51 115 117 
130 117 115 109 116 
131 39 117 116 37 
132 51 54 120 115 
133 54 50 118 120 
134 120 118 107 119 
135 115 120 119 109 
136 109 119 124 123 
137 119 107 121 124 
138 124 121 106 122 
139 123 124 122 108 
140 37 116 126 40 
141 116 109 123 126 
142 126 123 108 125 
143 40 126 125 36 
144 36 125 129 41 
145 125 108 127 129 
146 129 127 111 128 
147 41 129 128 38 
148 108 122 132 127 
149 122 106 130 132 
150 132 130 110 131 
151 127 132 131 111 
152 111 131 135 134 
153 131 110 133 135 
154 135 133 43 47 
155 134 135 47 44 
156 38 128 136 42 
157 128 111 134 136 
158 136 134 44 46 
159 42 136 46 1 
160 50 55 139 118 
161 55 52 137 139 
162 139 137 113 138 
163 118 139 138 107 
164 52 56 141 137 
165 56 7 14 141 
166 141 14 10 140 
167 137 141 140 113 
168 113 140 144 143 
169 140 10 13 144 
170 144 13 8 142 
171 143 144 142 112 
172 107 138 146 121 
173 138 113 143 146 
174 146 143 112 145 
175 121 146 145 106 
176 106 145 149 130 
177 145 112 147 149 
178 149 147 114 148 
179 130 149 148 110 
180 112 142 151 147 
181 142 8 12 151 
182 151 12 9 150 
183 147 151 150 114 
184 114 150 153 152 
185 150 9 11 153 
186 153 11 5 49 
187 152 153 49 45 
188 110 148 154 133 
189 148 114 152 154 
190 154 152 45 48 
191 133 154 48 43 
$EndElements
